429.289
340.697
391.263
379.389
395.775
406.379
368.141
342.56
397.827
393.304
360.946
379.022
365.171
357.979
402.18
390.47
375.455
395.108
350.101
351.523
417.257
359.035
378.008
390.679
395.956
374.969
381.46
370.337
353.164
353.966
400.596
408.056
393.943
424.153
385.962
369.848
376.405
396.236
439.531
370.478
371.673
415.546
385.237
379.885
404.715
398.213
386.853
386.209
415.442
352.259
378.619
389.764
381.481
375.155
367.563
405.843
349.09
367.558
377.634
371.594
417.031
388.769
385.479
378.665
428.447
382.38
362.163
374.906
351.901
379.873
346.714
400.971
374.039
352.852
401.485
418.132
368.446
367.993
353.145
363.111
427.841
416.248
366.501
366.617
411.82
369.117
371.838
365.988
371.522
398.451
396.995
415.81
369.54
392.964
384.532
359.187
396.299
391.986
378.785
364.821
366.908
399.833
418.838
393.872
360.91
427.752
382.296
412.083
404.707
414.357
422.391
394.155
415.22
395.95
366.1
428.887
409.45
361.798
393.425
394.268
398.052
343.146
418.431
402.487
428.82
377.651
371.807
374.976
385.739
398.093
383.564
378.347
370.28
387.455
357.936
368.912
370.047
390.799
390.303
402.494
439.092
349.95
420.251
373.379
392.846
399.018
400.191
375.382
380.323
371.435
368.337
367.517
346.853
389.413
370.633
347.326
383.245
410.648
375.894
367.953
393.762
398.519
427.785
425.697
417.057
434.227
398.981
384.215
377.64
409.88
382.217
346.478
452.311
363.405
370.063
403.921
374.802
349.185
388.207
401.034
455.123
378.725
385.719
384.168
381.566
399.881
398.112
379.471
365.573
395.311
416.7
357.797
375.621
359.737
365.678
394.3
387.951
366.075
402.964
367.983
387.186
396.457
340.833
398.289
436.078
387.441
369.474
362.828
350.258
401.087
400.616
391.378
345.154
373.038
376.178
371.861
360.253
361.354
355.577
384.181
426.294
405.129
374.446
371.849
360.568
360.131
385.135
397.882
357.369
379.082
378.139
371.093
371.79
450.045
369.14
351.654
356.867
344.78
352.312
380.707
436.497
383.6
367.181
361.967
411.867
372.918
419.675
396.811
392.806
353.43
373.317
397.94
379.44
376.468
447.532
437.021
416.24
414.435
418.706
369.604
381.147
380.479
386.685
369.604
360.318
384.61
415.569
366.206
369.146
445.771
341.919
383.316
353.64
390.063
425.177
362.737
365.293
414.481
372.69
378.758
376.379
414.146
379.561
418.763
397.775
366.658
393.531
371.329
390.768
373.33
409.136
403.61
422.834
387.819
388.339
378.454
422.16
373.217
347.111
407.85
440.894
348.76
405.229
365.348
348.528
389.777
345.102
368.717
441.642
387.733
348.328
391.553
406.598
381.357
368.337
388.141
391.3
365.211
415.132
376.939
390.859
422.744
406.379
424.335
364.253
370.998
411.705
433.806
417.625
345.288
417.216
371.305
401.418
429.006
382.522
349.693
369.132
411.509
375.057
356.127
377.648
402.161
349.309
443.092
398.005
381.878
381.865
377.041
411.944
368.536
346.262
369.255
381.169
367.596
408.513
416.087
351.133
433.555
359.639
412.617
353.131
357.034
404.046
358.169
361.856
408.602
414.232
399.433
375.3
382.462
380.681
352.843
364.821
380.595
399.243
389.511
363.163
352.094
389.62
391.826
369.62
365.629
400.282
386.31
354.392
373.315
414.532
371.188
385.185
392.235
387.578
391.746
383.916
373.647
418.483
374.641
418.239
368.97
392.249
355.468
400.07
377.102
390.593
391.569
380.069
441.801
421.118
414.843
392.984
385.223
356.737
390.769
368.284
395.023
368.428
386.9
423.061
375.414
391.903
442.662
383.514
396.441
400.617
363.402
363.762
430.715
397.864
418.931
341.955
385.286
404.124
371.281
371.076
351.089
381.326
390.299
392.25
381.816
381.817
398.013
416.692
354.618
421.192
369.562
372.508
389.604
402.135
364.208
401.274
370.104
427.941
419.163
349.351
361.197
367.842
355.44
372.946
361.098
410.435
365.815
388.761
364.249
378.091
356.09
355.075
385.005
413.376
388.967
393.603
388.715
393.289
384.991
387.076
362.86
379.195
396.019
345.584
371.68
378.873
348.02
358.493
379.491
402.225
416.027
399.998
412.062
439.45
347.773
373.962
399.23
443.538
410.059
370.763
384.602
342.301
376.407
404.579
389.794
404.121
399.512
424.303
344.254
377.157
364.72
392.897
364.188
374.795
358.458
369.262
366.165
404.147
383.748
365.666
374.038
384.937
372.484
366.613
431.353
395.03
417.28
362.108
401.653
371.677
377.029
417.704
410.256
363.128
374.351
370.025
361.787
405.037
381.977
409.398
367.308
389.039
390.71
415.751
379.287
439
438.371
423.59
366.605
400.137
374.734
367.286
397.881
341.514
395.523
351.504
351.523
391.194
375.021
400.844
371.227
374.503
357.535
374.723
401.355
364.409
397.27
364.042
363.3
392.345
382.749
381.059
366.228
406.529
417.016
374.984
377.565
379.487
383.383
370.425
372.58
384.966
379.758
378.845
361.686
368.022
392.622
426.174
378.349
443.192
357.413
409.506
362.048
373.996
372.967
386.49
350.791
424.39
459.718
349.097
428.05
421.664
383.009
409.675
371.903
367.22
407.9
380.19
391.886
379.363
415.096
425.364
376.454
387.574
388.693
377.91
363.702
381.603
409.178
408.929
386.679
413.068
344.639
453.696
396.91
392.323
386.374
398.513
373.344
362.273
370.587
394.211
369.173
375.857
364.451
361.107
376.73
347.134
395.846
382.121
430.315
361.214
381.31
365.096
377.102
397.6
382.942
391.751
393.573
407.208
412.027
408.559
393.226
386.8
371.229
453.883
371.601
384.378
371.913
388.155
422.889
433.564
367.27
415.609
361.626
394.935
387.035
405.055
441.587
386.356
410.563
426.424
340.465
423.723
367.395
429.883
348.976
366.275
387.009
397.924
380.695
391.704
384.981
374.897
373.132
369.903
350.533
448.404
404.494
362.883
420.371
378.884
358.205
373.529
364.901
368.5
389.875
382.541
356.893
423.49
361.785
347.925
369.843
386.029
361.849
397.02
402.607
360.882
376.9
358.932
410.464
371.024
413.112
363.724
363.104
385.348
389.155
345.295
360.172
366.511
367.978
390.583
453.447
392.848
371.004
366.426
370.037
399.578
368.001
367.696
411.461
358.533
394.921
382.536
370.165
381.812
371.47
406.236
393.539
380.144
400.876
382.451
399.229
387.435
403.755
393.07
424.413
346.777
387.363
368.337
361.804
400.897
410.015
353.08
387.162
347.981
360.477
408.881
359.299
350.344
376.728
370.455
397.668
370.683
341.536
385.461
409.421
371.274
351.763
404.967
356.795
416.716
403.014
393.149
369.395
405.985
415.982
371.061
352.65
400.643
395.646
383.341
372.499
395.407
382.198
357.78
371.173
394.852
424.667
420.64
367.112
359.991
422.323
424.052
364.535
370.736
379.984
384.311
362.078
367.15
415.483
394.452
415.545
399.649
348.694
351.693
368.771
376.86
382.931
356.075
372.917
409.333
349.827
430.009
355.258
381.449
397.818
433.917
442.018
353.851
361.796
350.6
352.856
372.153
367.239
380.813
367.133
367.504
370.841
373.856
396.956
351.849
377.828
383.929
363.392
369.646
357.93
415.858
349.757
359.982
449.749
447.488
418.872
366.702
437.734
393.5
358.021
387.132
386.946
424.125
377.227
391.27
369.221
387.04
371.717
358.222
374.532
394.988
364.695
379.978
349.461
366.025
374.155
412.045
434.004
400.395
351.284
394.712
357.058
350.224
414.088
364.506
423.744
395.673
362.529
416.354
376.397
399.853
388.454
393.786
391.473
350.164
426.616
368.465
361.753
393.296
415.078
359.655
451.99
352.13
400.732
410.948
364.758
366.426
438.049
414.535
427.217
380.839
361.224
423.752
394.476
445.538
389.038
393.828
361.491
434.261
392.959
389.642
419.539
372.642
429.861
378.866
459.464
373.585
382.996
376.254
394.191
402.551
385.096
413.524
391.553
390.436
427.825
361.537
401.221
403
346.317
381.252
397.742
356.986
388.749
346.919
377.955
407.163
350.221
405.261
378.46
411.272
376.642
375.611
384.303
400.257
380.196
377.206
365.823
411.488
414.32
426.686
380.232
399.005
401.135
386.511
359.619
347.376
422.56
419.33
359.8
374.774
386.445
384.904
368.272
357.807
372.458
417.586
422.947
356.007
384.452
387.796
382.04
380.895
417.194
379.204
346.635
380.522
374.889
394.346
393.674
382.737
403.512
377.235
385.57
375.805
404.482
401.015
380.219
382.506
393.53
373.744
363.565
375.705
384.595
389.805
373.578
421.9
350.473
383.15
401.476
379.8
434.436
358.532
376.14
418.839
355.261
375.683
368.354
390.193
377.199
449.665
363.622
369.58
427.258
385.51
377.668
423.032
412.307
385.341
393.93
410.233
362.636
374.876
410.511
450.672
437.592
366.115
371.559
359.184
349.245
363.521
357.4
419.485
405.701
413.788
410.967
396.218
413.427
415.961
448.723
354.386
358.224
369.712
371.502
379.048
341.653
414.582
347.593
356.591
401.181
373.546
366.927
381.781
420.848
362.772
363.86
429.241
426.202
354.788
357.807
386.912
444.544
348.341
344.671
371.726
354.526
415.787
359.534
392.87
403.16
395.076
401.942
360.005
352.248
409.465
346.722
413.219
427.985
355.167
369.766
367.408
369.536
413.428
361.567
376.919
415.01
398.8
360.425
401.753
422.505
388.957
364.292
390.059
344.635
399.154
377.924
349.568
433.092
428.328
411.997
364.737
402.261
371.487
368.787
371.01
353.087
433.392
394.861
409.46
366.256
366.013
371.72
353.331
418.974
379.667
428.759
365.599
403.79
377.635
368.002
385.556
400.96
361.81
381.804
375.886
383.499
410.288
390.628
362.538
375.285
364.475
362.267
399.023
369.71
383.665
379.753
373.779
387.582
367.173
412.79
395.849
380.779
365.488
377.651
373.363
395.122
364.137
422.835
394.482
374.226
416.061
384.51
430.671
395.32
404.671
349.616
361.447
352.494
399.073
362.684
382.721
411.483
396.598
411.126
358.294
370.207
384.984
385.265
364.441
364.052
380.628
356.677
411.524
361.331
397.763
361.462
360.052
362.792
415.531
379.792
367.116
378.272
442.315
361.802
372.755
377.173
411.736
378.552
409.924
385.68
402.314
409.308
384.676
363.423
387.78
366.03
369.07
355.121
372.095
455.574
358.409
352.707
396.899
392.773
368.29
397.224
404.156
383.224
346.847
355.039
380.353
365.133
355.887
380.505
418.851
363.614
361.229
382.009
373.781
370.95
391.758
378.715
390.252
386.071
404.851
348.816
372.598
373.279
392.708
372.314
424.895
393.506
407.742
394.758
360.463
350.911
381.003
405.435
395.842
454.834
404.539
411.496
360.835
412.216
358.559
384.399
408.472
397.604
369.193
401.162
368.051
403.405
366.705
363.113
437.303
406.111
401.189
365.345
388.548
395.561
395.799
374.251
371.882
342.645
355.082
370.797
377.341
418.736
370.083
358.405
366.374
401.068
416.375
394.16
394.965
370.395
358.849
385.653
411.607
365.198
362.806
424.857
442.587
344.986
372.448
423.169
372.826
417.577
408.114
371.939
404.325
375.019
434.64
357.084
413.73
344.178
363.399
403.328
391.449
417.629
421.809
393.47
362.44
395.286
365.335
357.605
408.715
421.267
375.491
431.515
452.275
394.141
358.959
408.518
384.233
409.882
375.162
395.489
384.625
370.807
394.431
371.904
379.828
348.781
408.31
340.783
383.544
424.515
393.495
358.175
379.55
401.597
371.546
368.153
373.915
394.196
349.488
439.244
367.501
415.294
388.202
359.415
408.527
385.68
384.631
407.631
382.66
398.806
378.707
368.057
379.998
417.934
381.683
374.387
393.758
349.034
414.467
403.875
366.255
399.147
370.807
380.999
368.629
398.593
416.543
356.121
356.573
433.892
372.299
412.967
374.555
424.683
444.042
365.817
364.76
369.137
404.987
377.684
372.839
373.213
376.143
360.132
392.03
440.448
365.335
441.554
391.77
362.842
349.757
412.62
391.871
351.854
399.342
371.879
396.584
393.838
400.443
387.741
395.585
341.044
356.823
381.664
394.181
406.099
431.302
374.033
364.036
349.427
386.497
379.826
394.607
379.703
429.769
391.089
394.634
388.373
406.474
393.561
377.973
400.277
428.515
347.262
398.004
364.724
347.949
381.678
364.806
374.773
380.343
413.249
413.22
359.416
394.243
398.248
349.385
384.016
367.063
392.997
373.853
365.599
346.82
363.598
360.887
418.555
435.929
342.098
381.259
417.767
378.247
407.604
358.799
419.354
360.716
360.679
346.189
412.345
424.098
391.227
365.067
409.62
423.406
384.976
381.072
345.733
423.686
365.982
389.026
413.068
343.689
375.87
396.647
344.186
398.169
383.546
362.142
392.433
417.105
439.004
384.093
374.722
388.636
397.167
405.304
439.394
411.053
393.49
389.528
380.249
362.911
351.723
381.426
369.69
341.422
396.63
357.62
364.992
434.707
342.146
355.589
374.863
355.618
390.942
392.554
363.917
369.269
355.295
365.195
360.926
400.578
452.87
341.847
378.489
415.667
389.337
366.107
419.515
390.867
410.107
432.477
377.201
359.606
459.397
410.65
409.802
371.408
438.234
396.618
409.042
405.812
353.917
419.093
362.989
368.122
433.489
374.918
414.408
364.634
443.557
447.309
412.829
363.881
367.079
345.5
367
441.187
415.22
353.516
380.298
430.389
374.559
359.773
350.738
365.314
379.345
377.725
377.973
365.809
377.027
378.67
391.202
403.45
372.561
380.132
407.569
365.533
348.727
371.102
387.411
353.621
428.909
369.624
380.123
380.665
378.58
388.666
390.143
366.392
381.137
372.412
360.258
387.895
359.232
375.45
373.168
365.372
381.487
394.509
389.406
391.985
356.343
412.093
400.82
365.581
398.087
353.911
349.699
356.553
375.536
373.167
394.084
370.398
349.571
391.985
359.811
376.315
396.405
420.662
377.2
413.051
399.995
368.626
373.554
363.682
363.488
385.556
347.576
381.779
366.364
380.31
352.512
360.101
429.29
371.174
386.734
358.265
389.499
387.744
398.916
351.833
394.845
364.587
397.348
355.956
403.438
345.636
366.63
416.777
374.381
386.656
370.646
365.459
396.145
356.916
388.299
344.92
359.689
375.251
346.16
401.719
362.351
352.931
360.775
402.555
376.094
356.451
387.981
385.018
352.419
388.898
409.885
399.729
390.759
358.181
386.323
360.054
387.517
380.565
405.025
404.559
415.98
382.118
407.644
345.346
352.975
371.416
401.734
400.963
376.976
437.076
347.899
364.666
360.804
410.242
428.574
409.869
413.992
381.42
416.351
435.364
442.372
384.991
396.233
386.55
388.609
375.614
383.171
378.005
374.521
385.217
378.368
372.904
365.974
435.062
386.55
358.165
400.151
367.972
368.85
378.711
376.614
368.323
355.473
373.514
372.241
373.932
374.325
381.937
417.914
391.273
371.892
374.677
385.725
398.843
389.32
370.291
431.747
394.858
346.355
407.683
417.467
396.78
407.572
427.497
350.706
377.698
402.577
379.836
348.205
400.699
377.521
373.188
388.045
402.672
380.904
428.491
374.201
367.295
399.486
365.044
425.753
382.507
359.701
452.095
386.082
350.429
389.849
368.995
394.226
428.498
372.862
382.236
381.903
407.476
429.537
349.773
362.499
357.116
341.42
346.386
383.832
382.363
359.266
397.948
399.215
381.814
351.731
369.095
360.927
386.576
384.258
372.213
408.832
396.834
356.536
428.541
412.323
372.418
360.29
347.138
392.884
373.288
439.435
370.266
382.495
398.669
353.53
361.422
448.991
404.389
358.38
395.601
348.38
384.734
381.957
372.455
372.69
359.429
395.479
381.439
369.703
412.77
395.892
377.906
395.256
385.575
414.853
372.035
379.648
397.326
362.042
394.005
398.897
388.185
360.773
369.123
366.633
391.529
362.855
419.802
348.271
359.317
377.145
351.077
425.457
351.26
385.434
371.552
359.075
387.514
459.482
403.514
350.284
409.297
389.982
384.385
359.152
381.443
411.944
408.846
359.821
356.187
407.156
357.574
384.91
375.157
402.492
427.361
370.924
347.09
436.498
423.081
453.388
356.967
369.855
403.672
405.125
443.297
429.386
361.822
399.613
372.279
454.093
349.075
432.777
357.644
390.418
422.038
407.555
354.455
414.736
373.817
366.086
404.317
422.52
357.402
419.574
366.619
391.226
369.061
372.823
362.12
406.814
418.722
410.712
371.135
348.509
434.54
373.357
374.914
395.462
352.593
361.994
365.144
370.857
400.103
365.746
358.553
344.371
373.171
408.003
393.747
399.828
407.426
371.634
363.907
377.159
364.913
426.431
377.31
363.828
362.103
392.883
357.835
353.857
360.016
401.487
357.068
351.54
397.442
371.382
428.701
418.196
366.173
442.843
419.953
378.606
374.026
376.844
343.446
397.528
422.282
366.802
427.596
360.88
357.094
364.057
393.308
352.96
435.772
423.885
377.38
366.073
363.452
405.021
372.039
370.964
393.288
388.992
377.743
372.042
422.094
407.678
358.065
408.34
428.26
406.842
367.087
359.935
421.11
367.404
446.694
382.772
383.788
409.737
408.657
401.926
396.042
393.791
405.781
370.186
370.991
419.489
391.991
379.257
412.036
373.281
413.222
387.989
391.773
383.138
370.316
373.095
420.38
388.063
366.882
396.053
422.909
425.09
391.681
434.38
367.281
370.537
374.186
367.818
390.541
356.308
362.599
386.377
383.969
384.854
361.414
387.422
378.336
368.837
364.177
383.667
423.339
373.57
436.345
395.715
372.528
371.583
380.386
362.396
393.32
355.402
406.911
389.349
361.461
350.056
360.489
358.146
380.131
371.921
368.406
420.226
429.947
394.475
367.223
398.65
365.085
387.821
389.834
421.135
401.365
380.086
422.337
449.01
371.751
343.091
398.852
377.182
404.973
402.738
361.882
358.128
388.136
373.946
402.278
424.924
363.633
359.082
356.16
385.422
391.817
399.52
412.581
389.804
388.653
368.269
348.803
403.069
370.104
426.967
389.614
357.062
391.884
399.6
404.827
383.922
374.674
355.013
429.333
363.532
367.484
399.292
424.624
392.021
356.285
426.401
362.57
351.773
370.687
362.869
368.916
355.264
382.122
391.963
342.446
353.565
376.918
398.545
370.586
379.649
374.882
360.202
345.642
383.699
409.476
388.325
388.97
407.213
359.195
366.606
458.471
370.703
368.049
410.28
381.435
353.914
380.132
377.485
417.746
361.897
413.307
429.656
366.147
379.775
355.403
383.018
365.129
410.951
406.477
389.828
363.743
357.302
394.167
372.546
415.353
360.732
353.394
372.034
365.066
382.806
369.661
377.131
361.88
416.834
397.819
428.613
417.203
399.156
380.659
363.226
368.097
371.1
375.668
379.507
366.105
399.153
391.133
343.755
427.26
382.652
370.44
368.434
379.394
408.673
363.932
382.325
367.007
382.099
393.495
414.671
382.232
353.522
393.585
380.85
417.463
367.441
385.872
342.259
377.627
390.263
366.962
363.554
385.826
394.21
371.441
376.785
345.694
353.19
362.146
414.101
407.834
380.939
389.022
367.679
344.159
377.122
380.842
352.296
376.12
394.418
373.087
368.296
373.171
413.536
380.652
424.575
418.51
399.571
368.623
395.051
404.88
383.436
394.956
360.317
414.571
391.974
386.251
355.148
355.512
396.14
372.336
417.552
353.502
387.383
404.049
346.438
398.489
385.959
387.494
395.402
394.663
438.159
373.975
453.585
363.997
394.702
400.391
364.182
360.198
405.137
382.961
396.322
410.722
387.276
380.106
394.134
374.338
373.943
348.125
380.585
396.059
383.935
353.786
365.269
352.671
383.23
389.315
421.453
392.124
372.886
364.961
394.888
389.397
428.306
395.62
393.157
371.844
340.762
382.012
388.518
370.192
363.269
361.045
372.416
383.949
379.887
405.237
387.658
404.7
365.94
392.471
388.479
446.464
374.093
369.693
422.264
447.9
384.905
355.633
376.482
356.264
370.01
367.183
405.458
435.223
360.049
388.789
350.414
376.664
416.216
355.442
361.915
375.789
396.172
407.6
348.345
361.559
387.316
412.529
383.991
364.22
384.298
384.433
420.043
456.614
377.596
363.787
365.426
359.632
406.252
366.585
407.488
387.038
398.209
373.271
352.218
380.556
360.903
370.619
342.174
356.319
371.672
367.827
362.469
364.483
379.921
377.362
362.332
360.646
407.11
374.475
400.821
376.774
363.647
417.704
394.053
382.41
400.18
384.205
397.551
402.866
368.872
343.783
434.196
391.425
385.003
385.088
398.265
428.45
351.381
383.72
395.894
344.814
370.816
375.806
351.132
347.461
389.182
376.267
385.607
410.174
406.63
366.049
435.989
384.38
354.592
399.341
341.129
413.166
371.522
408.58
351.645
367.763
370.28
351.585
387.969
341.532
376.39
377.463
400.856
404.889
351.61
366.608
445.402
421.018
394.542
387.855
356.784
370.693
366.149
374.227
395.135
376.603
424.746
343.774
427.627
366.835
367.029
373.665
371.373
396.215
367.352
444.61
366.646
372.565
347.237
420.834
423.298
376.469
383.707
376.106
381.335
352.677
400.565
390.619
393.082
359.697
389.298
386.766
351.018
376.597
387.769
389.295
389.372
397.647
384.954
392.163
433.52
387.855
360.233
389.231
367.787
411.865
374.449
395.099
373.898
349.826
375.784
385.066
406.71
355.41
390.349
382.681
347.13
352.325
340.617
357.676
399.409
375.29
423.737
387.369
392.336
355.734
390.693
418.729
380.084
371.812
355.779
364.181
380.467
379.147
438.801
362.864
423.903
432.985
379.327
360.685
373.439
391.813
404.455
395.786
361.819
400.84
395.27
380.475
372.624
367.73
439.422
365.592
397.399
390.57
378.178
394.145
410.325
432.85
399.04
367.126
419.328
382.058
365.365
405.815
419.358
369.792
411.255
400.628
420.253
353.097
373.15
398.388
378.456
425.62
450.842
377.5
373.007
374.429
351.566
362.998
372.743
366.292
378.599
407.815
351.992
353.968
364.794
377.106
390.688
379.647
344.773
398.16
352.086
353.694
417.542
357.038
354.878
381.233
373.221
422.398
351.312
436.857
396.253
375.964
381.395
381.554
380.888
356.101
410.686
402.871
432.842
399.979
391.988
353.169
416.219
384.187
391.121
408.574
399.403
370.95
385.166
419.505
416.722
348.06
346.064
371.49
395.45
375.286
419.003
399.676
412.623
360.874
361.195
360.419
419.346
377.986
397.317
389.751
376.828
427.15
366.544
364.865
409.153
376.515
397.167
380.343
419.293
358.45
419.816
370.458
346.592
388.743
354.379
386.843
360.218
345.122
453.669
388.157
404.678
350.802
362.102
366.809
365.736
437.974
348.585
386.494
359.291
364
369.28
353.012
356.379
416.819
420.654
418.016
409.507
419.425
349.974
367.035
401.62
371.908
372.734
360.679
348.36
355.064
366.621
371.021
379.665
362.646
378.17
359.872
393.707
415.478
348.729
358.335
344.301
385.083
412.052
347.215
391.195
418.814
354.818
393.601
385.09
357.657
366.73
392.92
402.028
404.439
375.435
452.621
342.489
349.147
407.142
400.52
382.62
398.37
448.792
360.94
380.369
346.64
416.704
383.572
350.708
381.975
368.716
417.619
380.392
405.31
365.118
387.517
381.204
387.329
390.886
383.349
390.458
372.574
374.912
393.775
406.922
355.318
380.149
371.024
381.578
380.973
347.459
383.427
399.623
407.258
390.334
371.432
379.194
372.659
386.985
379.793
366.706
356.675
413.838
362.558
360.272
358.93
389.433
350.18
451.238
415.172
357.527
372.423
369.697
417.044
423.084
377.795
397.214
369.296
385.733
374.719
406.655
343.928
360.642
422.329
362.802
383.568
374.593
418.121
400.299
397.499
386.668
380.333
363.826
415.058
379.386
381.453
373.998
363.483
400.316
348.43
432.141
378.879
401.744
371.431
421.102
458.711
350.594
403.198
369.506
393.255
404.021
380.982
416.215
350.281
354.772
378.538
413.865
373.985
378.091
422.196
430.79
379.997
400.59
384.19
375.953
370.939
365.859
427.263
428.641
395.695
359.55
374.465
377.13
346.637
374.134
376.195
358.174
377.668
376.97
386.639
400.414
392.052
378
412.626
358.199
376.534
388.59
395.261
368.688
365.622
397.436
359.943
353.588
362.135
362.208
426.558
410.912
344.731
383.78
380.695
353.541
375.045
399.884
366.175
387.812
362.298
378.735
414.088
362.328
372.219
379.394
366.79
365.783
382.768
393.182
372.461
379.125
411.881
367.159
381.225
371.541
383.431
374.986
364.994
364.857
409.191
370.145
345.029
403.602
371.536
446.615
359.865
367.919
386.547
414.674
370.222
370.256
375.103
392.839
382.659
398.082
411.968
357.305
401.962
409.168
349.524
392.184
372.358
407.769
423.194
397.8
380.169
386.414
394.959
377.505
380.356
360.126
376.053
380.129
422.379
387.927
407.829
374.935
371.646
356.707
372.809
364.932
349.404
394.627
418.714
364.48
363.33
377.211
384.886
352.536
441.502
393.024
388.462
378.672
342.433
351.586
376.312
346.665
376.102
437.038
396.171
411.958
376.515
457.929
397.03
405.503
369.61
373.251
429.459
366.236
387.188
456.138
365.144
398.542
417.64
360.705
362.515
422.798
410.157
372.399
427.778
401.138
376.217
409.85
394.991
397.271
362.656
409.806
372.342
352.07
376.624
354.186
366.215
378.621
394.538
399.174
372.314
346.055
399.855
376.959
375.903
354.362
362.875
364.338
347.879
340.109
389.75
414.671
385.711
416.895
360.387
368.901
341.292
344.953
355.141
364.381
380.038
380.096
360.386
371.963
419.77
379.922
383.237
391.289
388.197
411.236
357.233
372.669
416.091
372.475
454.402
417.227
369.209
374.465
416.466
372.892
379.37
400.545
342.668
393.454
367.877
381.542
377.801
377.261
372.948
362.043
345.901
361.233
440.13
367.717
433.545
385.315
361.614
372.46
379.428
342.073
387.819
341.5
352.823
350.931
455.844
347.511
354.471
375.458
394.668
399.857
402.976
362.308
387.704
400.711
409.951
379.599
374.386
401.376
351.874
424.399
378.315
409.621
416.016
367.065
348.938
401.916
390.222
391.708
359.252
340.367
427.541
360.782
356.839
373.143
357.912
375.796
395.624
365.823
341.711
383.203
396.661
373.16
355.861
416.955
349.747
370.306
364.564
457.095
361.379
368.28
381.636
416.697
363.186
413.328
400.967
368.71
350.21
381.257
357.023
386.233
379.995
376.092
366.281
384.942
371.345
427.169
371.2
445.357
380.981
363.223
406.29
389.182
387.05
406.863
371.236
352.46
368.674
380.99
387.539
419.613
368.24
362.417
341.482
414.594
399.247
354.505
367.829
409.752
368.051
422.847
407.252
404.719
381.244
383.827
456.552
377.326
353.236
398.744
392.086
367.872
383.396
388.437
355.226
397.861
377.655
399.062
371.513
385.427
411.085
377.07
366.766
361.501
411.602
376.721
350.541
391.138
353.421
382.174
370.217
355.399
341.478
409.577
362.494
393.2
408.626
421.109
387.512
413.015
380.029
360.879
374.978
382.586
369.434
384.861
383.717
386.374
381.182
356.644
385.604
419.141
345.972
384.237
447.389
347.175
349.476
409.529
407.543
366.639
360.459
388.336
389.575
416.823
447.494
375.922
397.143
377.477
373.491
423.646
396.071
402.33
404.586
388.823
350.955
425.901
370.601
426.338
394.438
383.934
376.6
381.934
397.838
341.127
383.068
418.804
395.163
373.878
416.767
387.199
387.296
374.112
365.34
394.456
423.336
367.68
354.057
372.737
375.19
425.258
413.771
412.85
366.645
340.44
391.533
408.909
442.593
393.612
360.227
395.66
430.045
396.229
409.962
353.949
381.852
389.829
367.433
411.126
355.32
361.148
412.471
401.901
396.216
357.424
401.992
341.33
385.112
389.55
379.471
414.831
388.316
352.062
369.168
375.782
345.814
374.189
394.161
344.4
387.196
379.976
364.602
379.996
341.658
348.294
388.287
356.782
348.143
371.608
378.173
374.333
363.098
357.798
424.403
368.434
377.485
393.341
407.936
391.734
382.434
378.163
365.795
358.16
425.751
374.819
365.415
388.696
390.753
422.073
351.611
392.46
368.399
367.398
381.832
368.2
431.771
429.893
434.185
367.702
425.453
355.011
403.638
400.394
428.047
354.684
365.468
409.756
380.054
409.732
433.108
372.333
379.053
368.25
356.263
425.17
384.173
367.019
357.588
367.312
349.788
389.648
398.626
390.919
393.297
346.746
369.388
386.53
402.321
440.551
355.314
342.02
406.087
389.625
352.515
390.313
363.311
383.211
393.363
378.159
365.814
360.386
405.328
399.563
394.085
381.238
387.208
400.641
433.502
373.223
413.78
394.498
403.069
408.958
402.548
360.189
353.659
437.256
454.473
380.933
397.18
355.401
384.746
383.889
396.038
373.389
364.318
416.209
399.181
376.471
359.288
369.252
365.634
356.012
367.097
370.186
352.971
380.633
397.269
382.985
368.612
373.651
375.943
425.631
403.74
424.244
415.275
369.758
374.019
358.472
374.139
413.696
370.512
433.194
394.703
438.794
363.947
356.151
361.521
359.473
371.282
384.248
377.98
376.773
366.688
348.086
385.101
445.908
412.54
354.381
364.138
377.002
423.117
383.895
389.026
353.731
386.721
428.902
401.699
379.232
363.526
380.67
372.505
410.524
380.375
378.519
390.176
373.735
359.063
367.766
342.468
354.006
363.873
375.549
364.545
345.46
401.111
348.791
355.087
357.568
392.088
385.032
404.069
364.186
352.803
389.124
385.768
377.311
371.757
427.562
352.481
369.523
382.289
385.02
379.865
345.937
367.032
388.936
377.028
370.272
349.427
347.007
414.7
394.874
354.268
378.636
423.191
392.322
361.634
401.38
340.12
346.242
359.608
400.732
396.001
376.169
365.529
415.541
374.109
403.863
341.613
359.29
364.738
361.477
357.332
378.179
389.938
357.788
372.728
432.277
361.671
367.841
392.307
354.788
405.218
352.712
377.256
362.138
373.471
361.911
383.278
417.109
378.028
376.615
396.81
379.265
368.41
413.283
392.898
408.384
374.703
373.085
391.36
414.913
365.979
366.48
350.709
340.741
418.041
355.064
354.173
389.217
357.491
378.806
394.301
379.069
386.351
368.353
373.847
393.282
367.603
385.423
364.468
415.821
389.046
397.316
394.853
342.161
432.646
384.538
341.816
411.171
374.472
358.959
403.587
371.664
371.213
428.996
388.843
369.466
388.569
364.817
452.069
416.584
387.506
447.154
392.479
361.987
449.441
433.67
352.199
407.762
404.605
423.73
395.678
398.632
379.681
377.524
390.141
400.95
402.135
365.248
367.129
399.974
417.147
386.504
398.926
378.545
372.961
359.469
391.893
375.225
342.929
435.279
362.271
363.266
345.872
353.886
357.548
406.466
355.296
392.001
377.227
393.458
409.36
381.374
372.185
377.991
394.976
424.422
439.568
346.119
385.527
357.644
361.56
414.662
370.729
343.735
365.157
377.437
375.62
386.468
375.502
366.724
352.647
373.917
394.255
371.745
389.826
373.682
400.675
371.373
409.275
377.047
438.642
386.143
346.931
407.564
379.901
445.962
344.717
349.665
388.099
356.757
375.584
403.936
372.416
374.83
387.42
347.309
413.36
408.95
372.52
362.399
375.142
350.004
407.584
372.652
346.936
353.628
380.978
416.305
362.186
422.519
375.77
350.768
377.211
362.384
357.48
346.016
424.632
427.884
376.331
361.924
376.807
379.535
374.535
361.991
379.326
410.31
394.258
402.638
369.31
383.346
381.31
391.628
365.888
349.921
366.516
402.163
393.342
347.563
342.422
376.425
401.737
389.873
376.452
399.894
368.889
406.894
385.15
382.818
369.548
364.864
359.904
421.696
346.94
447.797
377.821
387.942
363.444
368.736
386.132
428.218
360.132
376.367
377.304
406.488
402.166
403.307
410.004
406.731
373.751
349.481
378.09
394.02
436.359
369.801
354.961
420.387
369.044
345.134
346.947
343.482
378.148
352.948
378.499
407.108
416.627
373.73
363.466
371.781
394.13
347.722
414.467
341.137
405.23
389.515
385.561
355.173
389.175
392.394
383.906
396.114
347.338
344.248
394.184
364.823
379.115
384.305
356.421
396.172
377.44
375.915
398.213
374.974
379.016
416.11
401.888
402.873
394.563
367.813
409.614
384.069
373.537
413.76
418.983
410.083
370.556
420.935
345.406
408.785
349.065
355.541
400.775
395.508
391.173
433.116
360.585
364.57
371.237
367.037
377.028
352.61
385.579
403.391
390.049
358.566
391.502
366.564
351.578
345.829
380.597
365.534
430.158
380.045
368.666
366.64
370.433
373.488
367.822
404.859
414.716
384.86
381.405
375.27
412.512
361.091
402.606
384.618
374.255
421.414
407.514
383.207
362.101
366.254
353.423
394.545
372.634
362.644
361.718
358.421
408.529
418.105
398.345
404.592
375.78
392.097
448.354
358.875
391.8
396.058
413.192
359.415
378.805
372.758
358.378
420.184
419.862
353.454
352.478
371.972
365.063
399.858
370.083
427.633
457.191
396.734
368.965
352.604
346.791
421.227
367.08
380.158
396.709
370.621
348.856
357.377
402.931
428.943
355.099
364.537
427.29
355.963
387.057
372.895
399.258
408.1
363.153
362.643
394.011
415.815
370.27
340.823
397.152
348.46
404.766
382.516
385.645
404.318
435.92
421.798
360.029
364.653
361.75
379.14
401.408
354.883
398.428
399.448
373.016
399.948
358.82
377.222
401.571
424.742
393.672
359.822
442.797
392.073
343.712
420.69
424.122
362.236
411.67
353.617
343.364
353.218
355.046
417.618
355.461
368.121
366.932
361.849
372.965
383.792
359.642
431.128
364.154
425.356
379.899
412.033
371.58
400.237
353.156
352.031
432.038
383.765
422.906
388.961
361.671
381.986
349.544
377.287
342.113
358.993
372.068
397.749
406.339
384.238
418.21
373.175
374.598
373.09
421.986
366.107
444.735
359.337
393.09
370.509
382.441
389.25
392.848
373.175
354.806
414.689
379.395
368.6
383.461
374.526
407.652
423.707
374.582
396.722
401.32
378.046
384.24
383.949
354.925
393.612
372.348
357.83
375.856
395.447
365.395
358.41
366.412
386.54
442.408
387.145
389.741
381.166
376.863
354.887
393.639
363.135
362.363
434.259
425.066
445.048
428.263
382.228
368.583
346.341
382.479
396.545
355.763
401.618
419.031
427.569
370.173
377.501
364.86
354.624
408.274
357.585
351.393
348.743
405.744
374.606
352.914
433.99
355.365
450.497
391.656
372.267
375.205
342.169
372.082
350.225
362.505
366.337
373.856
365.395
371.144
388.601
374.445
364.03
384.624
408.369
447.549
365.161
367.162
348.157
368.465
377.581
381.113
418.813
376.509
417.602
361.341
353.102
371.291
412.494
433.961
345.866
359.184
372.447
356.947
355.267
418.918
391.939
384.496
438.062
352.061
393.208
368.15
386.949
355.235
348.988
372.173
381.97
394.828
362.085
444.743
422.86
381.254
366.934
402.021
373.133
395.522
361.533
428.932
351.155
345.882
374.817
360.415
389.313
429.783
358.443
418.376
374.965
372.674
362.236
388.48
397.699
347.917
347.904
395.703
378.022
410.979
380.509
391.573
435.318
370.13
350.699
397.123
393.042
354.519
352.707
368.68
415.131
348.038
361.591
397.229
398.497
396.228
352.357
408.772
388.184
402.318
383.382
428.167
393.094
379.408
360.06
427.28
418.627
436.959
355.529
391.698
417.342
360.356
433.907
354.313
379.309
346.599
354.399
404.515
371.475
347.221
382.14
360.282
424.603
397.542
412.726
358.663
397.196
399.942
371.513
364.369
386.935
393.625
354.24
370.054
383.582
391.429
369.006
394.521
347.928
400.556
391.74
417.331
381.261
431.976
371.03
341.881
386.96
384.806
373.866
398.912
392.565
353.488
392.764
354.43
352.919
397.403
366.572
350.419
371.474
340.254
408.827
407.355
382.611
419.39
354.815
381.026
380.226
400.356
383.491
387.203
372.504
361.042
419.718
356.328
363.235
445.951
406.058
377.016
361.558
399.091
392.725
382.539
373.1
420.212
379.29
376.91
366.583
419.114
370.072
386.586
353.614
383.309
378.856
394.247
373.511
394.167
361.01
427.565
367.897
411.244
396.136
371.098
351.54
365.947
359.585
397.358
361.155
401.016
392.829
414.438
405.319
379.851
378.712
399.539
413.19
357.849
378.058
404.134
382.591
414.562
384.86
397.951
377.367
410.923
384.928
361.752
373.853
415.639
360.316
386.416
376.855
393.98
373.618
406.785
386.87
415.359
396.384
388.546
413.901
393.173
355.967
416.505
369.851
374.482
365.334
422.932
393.562
353.282
388.36
392.001
381.012
447.398
382.789
347.004
363.85
411.383
394.9
373.157
340.881
347.344
342.948
384.966
370.901
350.543
416.205
407.148
422.617
405.21
378.076
414.831
394.477
396.737
389.078
378.783
388.609
396.744
375.789
386.943
371.877
435.157
388.679
352.269
366.829
389.702
366.072
399.334
406.906
407.959
375.833
387.767
378.175
395.077
381.133
440.485
389.425
388.647
404.349
375.433
379.716
387.042
370.509
382.577
349.198
387.701
373.274
380.552
376.677
346.871
371.902
355.556
370.482
360.254
373.324
419.188
355.344
361.437
379.379
373.832
352.372
380.928
386.428
384.661
364.642
351.124
349.104
380.908
368.901
404.34
354.562
387.297
376.194
413.205
372.125
377.482
372.587
372.821
370.466
367.907
387.851
354.052
411.88
437.904
368.367
370.956
359.1
428.429
404.088
431.468
368.562
402.048
370.289
391.281
375.493
373.863
368.399
375.585
368.259
383.708
360.168
392.285
372.244
441.333
384.278
372.406
386.522
365.48
352.634
373.237
436.728
396.866
420.924
359.632
371.233
393.225
350.247
391.991
352.009
376.513
357.229
383.196
415.108
366.858
376.603
387.771
419.044
414.546
416.13
399.312
358.77
368.945
427.96
388.862
372.634
396.178
360.761
360.48
372.112
386.703
349.184
390.614
388.24
417.174
389.377
439.476
344.382
367.168
394.612
365.984
367.039
383.089
393.58
421.681
376.759
371.181
405.304
423.103
393.16
354.047
424.414
362.323
374.016
375.877
407.573
363.223
345.526
413.697
446.395
385.221
370.248
417.883
374.55
355.853
409.366
395.355
344.777
384.971
421.138
393.243
398.966
383.358
426.545
391.624
387.903
405.07
353.63
378.308
404.71
343.321
363.754
373.697
351.172
355.486
383.732
380.716
366.77
383.287
361.159
372.618
369.573
352.141
401.509
371.954
382.744
392.502
364.534
416.899
375.596
355.303
384.178
391.623
407.769
373.338
344.604
373.9
351.592
411.823
393.437
371.909
390.762
344.373
358.73
395.839
385.007
373.052
402.57
387.548
370.915
402.925
348.722
395.994
363.562
343.673
366.952
404.655
362.662
407.146
353.984
457.239
426.238
377.298
368.301
361.658
387.567
418.83
353
368.46
362.179
368.348
352.871
417.532
360.6
394.845
381.776
367.591
378.608
375.904
391.636
401.061
366.37
349.431
367.239
365.916
360.145
389.163
369.905
403.096
405.163
385.778
345.394
401.092
357.169
360.072
352.122
370.486
389.3
366.825
378.146
393.889
386.465
361.08
348.711
402.404
383.953
421.294
435.784
365.328
379.44
368.563
418.694
362.201
390.922
434.184
366.122
360.075
367.631
374.647
388.289
375.366
394.927
385.504
385.097
407.27
422.65
414.311
352.385
388.818
355.075
430.355
410.009
410.174
449.199
412.766
398.956
424.197
426.342
365.301
393.167
417.715
348.029
393.31
409.655
392.638
387.177
416.663
385.396
384.29
433.119
368.923
383.385
367.591
347.897
402.818
344.938
407.632
363.163
387.687
399.155
356.309
367.614
378.046
398.166
356.994
357.42
369.82
353.777
394.408
342.685
391.744
405.894
380.21
375.913
426.294
365.905
393.609
398.075
404.245
355.759
393.099
388.121
391.919
432.576
349.605
388.883
389.343
400.635
364.62
419.834
398.649
382.704
379.776
395.426
363.503
416.165
355.991
406.388
391.806
381.81
393.238
390.406
356.623
376.607
437.824
428.571
376.874
361.144
365.838
410.198
361.388
401.045
393.708
384.204
360.703
374.176
351.777
408.446
416.29
376.443
375.165
350.637
432.703
375.275
389.827
404.328
358.519
358.665
381.914
367.9
393.236
403.087
354.563
360.978
431.155
367.239
365.162
363.396
392.052
371.315
431.566
346.134
370.615
360.516
353.12
344.479
366.483
360.779
363.676
417.323
417.678
409.707
380.202
378.317
374.905
378.606
359.937
356.155
397.677
413.957
348.597
365.457
378.59
343.43
358.413
377.712
391.934
420.758
391.299
435.449
417.13
379.834
375.685
372.83
384.835
436.162
396.313
377.699
393.455
350.699
362.542
416.232
363.421
458.758
416.481
366.502
403.801
410.112
414.945
417.761
354.223
364.896
361.718
369.356
373.069
420.747
340.488
354.423
374.258
368.161
400.488
388.169
392.118
384.78
373.639
379.003
369.006
393.56
434.297
372.719
396.043
364.551
346.299
367.549
386.722
370.971
350.902
366.138
345.658
379.375
381.622
384.637
355.774
358.545
351.321
360.364
388.599
405.896
346.024
386.313
372.158
416.535
402.477
415.118
379.67
388.952
372.391
399.762
357.42
376.644
411.7
349.933
428.141
405.941
354.945
387.342
390.712
361.707
449.052
359.542
395.516
376.515
363.673
391.294
387.293
400.325
413.34
373.962
380.646
345.773
358.632
386.774
380.599
363.66
377.151
372.884
379.944
360.386
392.865
442.214
424.599
361.456
396.209
380.643
382.64
434.933
406.499
400.973
362.462
434.419
408.833
371.634
405.03
374.661
409.893
377.524
365.666
421
379.087
421.958
419.717
382.251
421.1
365.681
368.123
413.596
390.214
356.41
380.251
353.756
403.943
365.688
341.668
424.688
367.259
373.512
395.893
412.984
401.062
400.026
371.955
352.222
445.432
360.502
340.745
397.608
348.435
387.151
437.11
386.091
375.815
380.145
356.564
390.705
361.438
340.302
405.368
376.986
368.023
371.152
367.053
370.91
406.379
366.023
411.738
381.399
380.969
357.821
394.159
374.146
431.785
363.829
397.295
433.547
383.384
369.319
391.097
391.487
388.523
386.646
403.808
360.857
378.673
380.829
390.886
353.254
366.4
391.935
387.592
414.18
405.269
365.751
353
345.042
366.914
421.064
399.893
389.226
341.956
364.548
449.01
409.845
381.715
382.077
388.286
356.307
396.27
389.507
420.721
383.37
426.896
398.609
345.412
356.963
349.315
377.353
349.44
375.737
428.551
444.55
386.254
352.359
378.419
386.054
367.842
372.515
355.016
385.377
359.934
377.022
357.712
361.729
362.419
459.617
374.457
384.972
362.321
365.036
397.005
384.52
381.113
387.68
354.256
360.752
414.054
383.757
417.42
371.563
360.035
371.246
371.547
392.965
404.937
367.182
384.667
431.526
343.099
407.969
422.284
422.807
381.037
382.756
349.486
356.492
347.535
373.87
367.151
386.559
421.482
376.183
360.548
424.989
381.916
358.818
374.639
355.302
361.403
360.314
385.267
387.7
343.156
412.042
366.599
402.858
346.091
389.01
385.075
409.162
371.821
390.406
406.904
420.909
363.778
385.29
408.688
419.822
411.04
374.414
352.171
370.688
360.431
340.547
370.405
390.1
356.217
381.678
394.798
352.457
351.783
404.067
401.148
394.537
399.124
444.413
376.578
366.912
372.168
373.499
360.113
371.436
368.624
372.788
384.965
387.577
356.001
374.336
439.569
367.688
373.178
356.996
354.988
384.138
382.822
347.567
428.063
361.351
388.362
379.83
374.144
359.065
385.415
346.695
440.061
357.006
430.826
365.719
400.297
386.27
376.946
368.026
373.963
369.095
363.629
390.794
389.438
394.462
372.95
350.564
393.289
402.171
363.147
367.458
410.238
416.25
379.293
369.959
363.4
400.364
366.425
394.187
437.918
406.717
411.887
388.058
372.361
429.646
370.849
393.807
351.604
360.543
392.418
385.499
361.973
380.703
353.241
414.869
382.622
394.292
374.814
374.533
433.148
372.981
357.767
373.129
416.533
406.046
417.467
406.943
353.988
349.449
412.762
404.511
371.186
343.436
370.344
366.776
369.852
407.465
364.244
367.971
414.276
384.802
402.212
369.187
340.462
377.454
376.82
372.362
387.045
419.19
391.523
443.733
393.309
403.397
441.222
371.939
378.992
387.679
362.429
365.343
416.625
406.39
399.553
394.943
347.275
340.051
375.706
396.212
377.838
359.191
367.244
411.125
386.42
402.918
367.399
397.559
379.665
394.327
385.634
363.07
403.18
374.138
354.77
381.431
379.989
355.564
379.827
375.294
369.858
401.631
358.198
410.544
360.171
358.399
375.709
414.826
435.653
386.049
372.195
401.887
402.828
391.364
391.523
405.374
375.128
379.489
426.82
365.32
346.62
384.374
348.431
423.255
406.36
371.053
407.355
386.43
373.593
387.478
430.376
411.848
356.489
379.873
397.897
412.223
372.792
359.908
390.949
411.154
408.554
361.98
365.375
400.855
458.179
367.447
402.366
371.885
371.975
361.89
374.448
391.593
366.085
369.049
411.73
424.875
404.626
379.405
364.189
427.737
457.041
380.569
367.284
372.344
371.384
387.678
350.232
394.18
390.613
349.628
368.193
379.538
422.811
342.461
391.601
380.574
353.141
423.248
372.859
357.318
379.312
377.99
366.35
354.883
422.375
383.32
343.973
364.997
413.937
351.208
450.296
380.036
364.488
444.71
402.246
368.631
384.88
386.003
384.584
391.676
411.923
361.302
369.316
393.966
381.659
358.586
400.473
408.797
371.583
421.89
379.713
376.933
407.379
405.193
386.973
354.631
374.501
367.34
393.803
365.713
427.074
366.375
458.148
375.851
357.39
418.232
378.903
389.471
368.25
364.659
378.064
372.303
366.739
436.351
402.33
409.889
411.783
388.926
413.688
359.931
416.807
389.116
340.228
394.987
397.933
366.349
423.419
378.615
363.529
361.381
454.382
398.476
343.9
365.774
399.144
417.346
356.007
379.155
408.957
368.338
415.246
407.203
386.187
419.058
409.535
343.242
357.68
359.399
357.555
404.193
397.253
400.295
378.428
357.394
385.902
390.517
386.724
375.295
458.373
432.782
388.759
384.658
340.703
358.885
409.132
369.857
401.75
348.047
360.23
397.678
427.665
345.65
356.133
397.464
395.806
368.293
381.429
388.778
408.903
376.133
406.403
372.514
389.286
368.718
378.364
349.154
391.216
356.463
377.188
387.886
383.425
378.616
385.178
360.452
370.27
346.205
393.688
368.835
416.015
353.319
393.994
367.818
364.141
390.211
372.007
348.432
370.222
384.185
387.556
427.631
362.014
389.297
378.873
402.938
376.22
382.752
408.574
361.934
407.313
367.306
351.399
353.43
348.297
407.242
387.284
416.982
366.088
354.154
363.742
381.222
406.018
400.695
389.243
407.726
364.597
428.762
414.013
378.859
390.198
409.418
379.164
358.444
349.693
383.363
380.179
383.089
364.016
376.287
366.96
374.539
342.798
404.172
371.113
386.678
359.371
401.128
419.286
352.151
357.968
375.01
369.756
371.611
386.938
382.398
382.827
415.761
401.324
385.345
387.394
379.368
383.727
387.413
382.147
350.676
419.743
365.543
398.537
411.237
388.192
362.241
390.1
345.551
365.509
380.662
419.476
376.088
363.028
385.431
372.51
361.128
399.887
348.047
354.948
397.378
399.963
412.073
375.176
407.265
381.717
365.353
377.175
367.815
375.665
345.602
409.138
420.396
373.549
383.721
420.423
418.845
392.419
350.771
381.533
363.714
421.316
364.932
395.172
397.386
391.592
403.329
370.255
385.907
380.614
355.386
397.881
441.88
365.086
364.39
347.573
369.398
390.534
376.57
393.793
342.071
386.682
399.605
393.158
353.308
353.799
374.671
388.638
364.956
422.974
360.646
348.002
379.617
359.322
355.842
381.669
416.497
356.494
376.164
378.41
375.968
371.94
377.325
368.095
373.492
378.702
394.374
375.194
377.037
342.536
359.863
344.974
388.541
386.791
377.751
369.801
392.476
379.383
388.525
347.798
421.119
367.285
402.699
428.908
396.889
378.261
362.246
379.234
409.032
395.515
365.746
365.659
379.12
372.378
402.875
360.405
436.568
394.615
373.89
374.265
394.249
374.739
348.175
351.595
412.778
384.374
360.6
360.118
438.443
419.277
369.903
428.028
407.278
366.914
352.176
401.613
381.403
368.126
376.337
437.082
395.481
429.233
384.623
356.584
351.158
421.934
345.735
364.228
360.641
401.945
406.334
421.799
368.893
452.318
391.461
357.421
352.134
368.048
351.756
369.829
374.949
387.027
419.187
359.275
396.614
375.618
361.029
352.602
413.922
368.244
342.324
459.953
411.727
375.606
389.847
353.133
378.302
396.024
358.157
387.855
373.951
353.263
371.591
364.163
403.777
400.392
360.877
363.289
421.266
388.109
397.278
351.951
359.698
385.449
428.863
346.479
375.381
365.757
383.961
389.488
396.804
398.078
363.635
368.449
430.599
388.072
397.04
399.443
363.664
363.351
362.599
362.268
385.058
373.277
445.412
409.29
373.028
427.727
373.95
404.516
371.607
374.669
454.225
416.539
343.713
395.791
371.645
346.217
412.837
387.258
373.215
438.55
404.602
363.104
363.904
412.653
350.015
439.46
365.227
344.068
369.621
376.095
347.706
364.588
422.152
373.872
372.646
400.588
352.164
397.611
448.776
400.194
350.488
372.992
370.78
408.603
368.516
411.442
362.839
365.774
390.871
370.511
454.216
364.193
347.871
376.345
399.245
399.912
380.671
372.931
387.084
389.543
373.352
401.808
420.29
420.388
379.018
367.741
358.485
406.505
388.142
343.869
350.261
391.862
454.72
341.072
421.78
367.649
382.206
424.469
355.098
452.358
379.673
375.967
359.017
432.172
373.541
402.453
397.109
383.082
390.017
369.321
422.682
422.063
435.545
395.618
394.382
388.815
383.361
375.578
403.236
385.04
383.572
423.85
382.229
385.364
368.252
386.376
405.251
365.993
376.939
437.924
372.303
370.89
390.398
395.211
395.507
405.241
381.645
412.686
352.064
396.991
353.13
380.987
366.948
359.203
415.063
392.716
367.668
429.795
381.738
386.802
411.515
363.468
388.277
380.986
374.588
377.601
347.795
424.882
375.477
354.273
373.904
415.131
392.09
350.01
416.46
389.086
378.749
434.735
379.701
393.35
396.58
381.571
400.442
360.159
362.658
432.276
381.66
360.75
420.401
437.122
395.137
419.622
412.232
387.306
420.553
405.995
352.685
390.921
352.098
407.495
389.012
410.2
368.356
399.816
356.758
371.603
411.103
369.879
366.634
366.474
371.871
392.62
372.787
373.046
364.908
365.521
361.443
420.427
370.993
378.487
361.914
349.615
399.999
377.497
412.28
346.016
371.262
398.423
364.585
364.201
386.92
446.524
391.813
372.577
427.795
431.095
370.619
346.034
371.222
394.582
370.328
378.994
375.519
364.465
419.408
426.546
377.354
439.995
365.991
391.384
414.713
370.648
411.486
400.918
371.77
363.138
377.409
368.78
366.753
369.268
380.647
365.504
383.312
401.571
431.728
342.631
363.311
417.133
379.831
380.398
359.966
448.416
341.426
390.216
427.308
372.061
387.032
389.642
358.9
380.279
351.18
385.099
388.911
387.687
395.186
378.6
409.894
377.343
399.1
418.723
395.73
384.329
370.923
361.574
377.179
347.936
389.833
364.27
377.273
388.435
372.499
421.814
380.77
350.21
429.46
410.717
404.048
348.258
375.732
360.416
386.48
384.693
391.157
444.32
391.802
383.592
405.775
411.465
398.63
361.998
365.617
377.084
367.256
382.685
361.997
385.468
401.483
365.064
366.242
373.614
388.358
373.928
368.195
341.115
364.415
377.569
412.499
380.295
407.056
355.399
382.082
357.61
404.485
373.255
393.26
376.88
383.961
404.144
351.208
397.61
387.727
373.527
350.276
382.571
380.344
382.349
358.823
430.033
426.125
359.907
361.475
350.916
