45.3075
39.9601
33.1582
46.4888
-21.069
10.3362
16.5494
-33.8464
37.0156
47.5908
-19.8548
3.83349
26.716
-42.4219
40.585
18.8956
-5.66174
46.555
-5.55477
-15.0967
-43.6301
-20.715
-27.095
38.5742
-16.0553
-22.3801
-25.5028
-28.4015
7.72373
17.4681
27.9843
28.1277
40.5533
-27.711
41.1219
-47.0277
39.4648
48.8442
11.6111
44.1764
16.9075
40.8921
23.6307
-10.5301
36.1808
18.121
7.68297
-42.2625
-29.7928
-29.4595
17.7623
-26.0477
-13.0032
-15.5305
23.2283
21.1179
49.7529
-7.74661
-47.087
28.3974
7.37381
14.486
0.98442
-42.4136
37.6781
23.3874
-31.6499
-36.1117
-12.8766
23.8007
39.203
19.1652
-24.8544
45.8784
31.0113
30.9473
-23.7223
18.1432
30.1543
43.4809
40.4968
41.2719
-38.0139
-2.67978
-46.7956
-7.66228
30.0557
-17.4924
-39.3633
-11.4942
-18.3755
-47.0563
-48.2897
-12.7075
-21.5565
24.7461
36.866
-0.550487
37.5382
47.6939
-31.5749
47.6198
-27.878
-25.0448
31.9139
39.1101
31.4702
-21.5099
-18.8755
2.42447
-48.9955
-29.0798
47.7785
-30.6769
-41.464
-19.225
30.5063
-41.9727
0.974441
-37.0119
-17.0344
-41.2936
29.3415
0.200567
15.0553
46.8372
-40.6703
38.9148
34.357
15.3193
12.8952
-45.4622
-33.1177
14.3736
-43.8117
-47.8252
-21.2837
-2.30757
-20.8577
-49.5937
-29.9549
12.2811
49.2184
-25.8495
39.7499
-29.4882
-5.70995
8.86253
19.3707
-27.9551
-40.7864
-2.19669
13.9477
29.3894
13.833
28.9368
1.42128
41.7192
37.0604
22.2686
2.17747
-37.3153
14.3959
6.8419
-25.4766
-7.97288
-16.2893
22.0688
-15.3797
20.59
40.0458
-19.6036
18.9038
-11.9384
35.0578
3.27956
33.0191
-0.990068
-41.5265
-45.5678
28.2379
-14.7096
-28.8982
-26.6009
46.5479
-27.7277
-7.83372
-8.08202
47.1567
39.2939
-0.972497
-9.5063
-17.7887
-1.18154
-34.1891
-6.70389
49.994
39.0234
-44.9764
-31.2465
48.0686
-41.9053
1.47279
-39.6967
-6.58757
-4.48629
-25.1728
26.0671
-30.6368
-43.7799
47.306
41.6149
-40.3985
-28.8764
-43.6789
-21.2481
25.4591
-41.3043
13.644
45.3641
47.8652
-47.9798
7.27779
43.7239
-30.2021
-26.7377
2.47836
-8.59913
29.5999
25.4815
-47.5572
29.3922
1.72716
-0.102358
-29.3938
12.1902
3.43005
48.7477
16.5339
13.1602
36.3675
-46.9804
43.5461
16.3612
-32.1319
-0.680206
36.9282
-19.2982
41.5352
-48.7637
15.7364
47.1509
-41.7254
-12.3957
10.4289
-15.9482
43.7277
-43.6256
-18.4388
-29.6903
-43.4713
44.4707
41.7676
36.2309
-39.8297
17.2501
-39.465
8.57848
21.6072
-42.6552
33.9922
7.78378
45.1808
12.5412
40.7884
-22.6452
-48.1138
-32.8849
-13.5194
11.596
0.477411
-44.9679
39.5739
-27.9004
17.654
-30.5021
-40.5515
-13.0534
-16.1482
-3.44442
18.3994
-9.22486
31.8396
-6.59973
-26.0274
27.9977
47.5215
-34.5763
7.08701
42.7472
11.6011
-24.3204
-32.2847
-44.2972
12.1405
31.6835
-15.4702
-3.66113
2.30056
31.9553
-16.055
-37.6051
41.4855
42.3197
27.964
0.761527
-42.3886
-46.8335
42.338
-1.89797
24.2703
-28.9174
-22.2776
5.27322
20.6459
32.3087
25.4136
-19.2627
-27.7717
-5.71788
-45.0168
-26.7235
-47.5441
36.2103
19.6374
28.1479
37.7364
8.37482
25.2988
15.2131
26.169
15.1641
-32.7423
-35.5385
-24.9279
-41.5923
24.6095
-43.9584
15.534
19.4759
30.4906
-24.1585
-47.1848
-3.02433
6.81459
-9.90975
28.0623
5.76399
8.09211
-48.6979
16.7111
11.0241
11.264
-46.0926
10.978
-42.1581
-29.3892
35.7925
1.757
37.8551
49.8836
-46.3455
26.3041
25.0852
24.2971
-38.732
33.4555
29.413
17.3918
-45.2865
-36.2338
-29.2674
-6.67493
-27.2157
14.8129
-16.3518
35.5331
47.7227
31.0185
-2.44763
-37.8513
4.45789
37.5658
11.249
-48.8277
9.53521
21.3784
46.3331
-0.518327
-47.9407
-42.4634
38.0969
-17.9561
-46.4673
-0.798301
-26.6373
-6.43075
-14.5182
-18.3461
-39.9399
-47.1222
22.6413
-19.8341
35.438
-4.53509
31.8976
-36.1826
-9.38817
-38.7155
8.7818
-6.50755
3.65421
-35.6516
30.5472
32.5705
-44.0268
-16.3295
41.9779
-15.1324
-4.75911
-28.4228
27.9019
26.3311
-28.7123
33.8974
-0.264208
-43.3375
11.3076
46.6387
14.1455
35.069
16.5789
-27.5932
-35.4171
-30.4078
-19.2167
6.41587
35.9848
-24.6717
-24.8462
6.55466
11.2013
14.0678
6.01448
45.4186
-28.5035
-3.18126
-8.15828
21.1005
8.41735
18.5771
-36.2465
-19.8045
-20.7057
12.3504
-40.6999
3.12519
-21.9485
-8.73731
40.8871
-2.93191
-17.7596
-36.8312
11.9864
-3.91973
-48.0315
-33.5554
-10.7023
-28.7797
7.0562
12.6917
20.0358
23.2592
-11.3315
14.2937
15.6127
-5.74324
-9.31858
11.3039
-30.2336
-36.3185
-6.2922
-31.8322
42.2399
-11.94
32.6605
-19.91
-28.5336
43.1536
-39.4464
-47.783
15.3925
26.3198
42.7506
20.4262
35.9012
-44.5039
40.3558
27.3432
-25.4187
-38.1523
46.2281
-36.3583
-49.5441
29.4251
27.184
-2.26528
11.4864
-24.7405
-29.1624
26.6335
43.0123
26.5904
42.7184
46.9869
-18.8099
-9.87496
44.4161
10.3909
36.6455
9.06975
-30.6821
30.0867
21.5708
-33.221
14.7486
-47.8803
37.5726
-34.4368
-3.70106
-10.2765
-5.68909
-2.26324
-46.961
-32.9372
23.3968
-21.8066
15.8364
28.8195
24.7143
-44.6721
-24.845
-29.9273
22.203
20.3138
18.1458
-14.742
-38.4435
20.3014
-33.9634
-46.0074
26.9804
-32.9674
18.8062
-4.00638
-11.0982
-24.9599
39.9383
27.7393
5.31061
45.1455
-23.168
-10.5773
14.1847
5.34252
-42.6912
-31.7112
3.37558
45.0487
-41.9292
-23.2613
-17.7527
20.6959
-30.5478
-34.1706
25.4874
-13.5532
-30.3848
-21.7661
37.5772
26.6851
-25.9881
6.37641
-5.5799
-3.00279
-46.7979
-8.17331
-9.92177
39.4066
-7.42653
-23.8559
7.80237
-15.0364
46.8572
26.7557
32.6734
-26.9479
20.5484
48.7051
27.5088
49.8399
-41.5524
-6.58928
47.5272
6.9034
-45.7619
-45.7768
-3.04917
-6.12421
-24.8135
11.0327
47.6076
-42.4799
3.2221
24.056
30.6721
22.2769
27.1396
-8.21304
43.4162
26.0122
38.3979
-27.2839
-46.3623
-20.8371
-9.73853
-2.17569
-21.5492
-40.32
-3.26284
-49.1249
24.5502
34.8673
-41.1342
-40.4426
-10.7983
7.18343
-34.8703
35.2582
-10.6427
4.75795
40.2817
-39.1815
-18.5161
32.1308
21.0058
5.5268
2.62569
49.9974
-2.28995
15.1174
7.00508
-48.0794
-0.411462
28.5119
-15.2833
26.3276
-11.9155
-41.5805
-25.8284
6.31518
-27.3378
-45.7683
34.3864
18.4861
18.612
36.1046
24.6508
43.4124
-38.9628
-42.1133
-46.503
-27.7865
-38.2152
6.47893
-1.98531
5.81925
-1.72307
42.2647
37.0486
37.1796
-23.6287
32.8761
8.70323
17.9145
-20.3872
-28.1732
-44.3789
-15.1193
10.0366
31.9482
-39.6641
-7.95272
33.7681
-36.8168
-5.85258
36.494
6.09115
-16.7486
-25.9167
-16.397
-30.9181
-12.5994
-3.09189
37.3806
46.7779
37.0199
5.92445
-46.9067
45.0794
-17.8462
37.4114
17.9081
-6.00662
34.1481
10.136
-2.17095
-36.4129
26.4549
14.6395
-17.3304
-49.16
-2.8977
-7.30709
21.4195
30.6739
11.8181
31.6563
-42.0493
23.6339
-13.5691
47.8977
-8.10954
-43.5709
43.9041
-5.89247
0.737062
-0.842005
9.36389
0.236817
-43.8281
5.64697
37.0353
-48.4652
-8.62965
18.7554
30.8826
42.1196
-15.1387
-41.2074
-21.4918
-35.4514
-35.4447
-20.7594
9.36051
-18.4739
-36.8019
38.526
39.6778
-24.7282
-5.44009
-8.60441
7.17378
-22.7073
30.6924
35.9507
39.5278
-45.3013
20.1486
21.7467
19.8006
33.8041
19.834
37.8843
-7.27147
14.7244
-5.49945
-30.5365
-18.4811
16.769
17.0616
-7.45018
31.5195
-31.224
21.4836
-1.94179
1.8601
30.3427
-4.45384
34.1349
27.5362
-46.5025
-24.9164
6.61162
-32.7056
24.1027
29.961
-24.8654
-4.50523
-27.391
-43.1716
22.993
-16.3484
-12.9949
21.5746
4.83041
22.2148
-39.523
-42.4056
6.68132
13.6088
-29.772
-43.1456
5.08775
-28.9799
-10.1273
-14.1525
36.7588
-18.8162
-25.0243
-30.3505
-48.5726
-26.6293
35.645
29.6728
14.7382
18.2707
-25.4155
38.9428
37.9849
42.1485
-32.5017
10.9108
42.7365
25.7205
-10.9332
-36.7684
27.9746
-28.9487
-16.3574
49.5468
-44.7857
47.955
33.7179
28.0512
27.2797
-34.0504
-4.49313
34.8724
5.4258
-7.50759
-17.1671
-36.401
41.9644
14.9532
-15.8109
0.951512
34.3763
-45.0778
44.1488
8.31155
-9.82922
-19.9155
-40.6372
15.5408
-18.8371
0.828403
-12.9067
-29.0597
29.2428
32.2043
23.4782
3.46718
-19.4988
-5.64981
33.7541
-22.5237
-34.0734
20.5996
7.07729
-43.5312
-31.5922
-28.1331
-15.4055
-23.7296
49.9265
6.65501
22.3003
-25.0285
17.7179
-40.293
23.9998
35.2292
-10.8099
-3.75224
12.9863
-11.2653
-1.26085
20.0682
-32.5691
-11.1796
16.9052
-12.7536
-14.1561
-27.3024
11.0401
-43.7744
-44.7676
14.3765
1.91999
-3.15133
-34.9626
14.2865
-47.767
43.6267
47.8853
48.4443
30.5284
-29.3197
26.3298
3.38193
-31.0199
23.1607
-25.1091
-26.8967
-30.9106
-27.1733
28.872
22.7924
-45.3584
34.6505
5.84401
-5.4607
-41.9075
38.2178
48.3258
-45.9699
-31.7853
30.2294
29.6952
26.3359
13.0192
-22.1706
7.18105
17.2161
-18.9485
-45.7545
-17.3097
-49.3885
-27.6283
7.76508
18.303
-6.67875
-28.7209
21.9923
-44.5229
-3.10277
12.6347
27.1725
33.6505
-25.2365
9.99908
-26.8251
-29.6856
37.9067
43.9447
-34.2968
-15.2046
-9.78808
25.9538
34.4957
22.4259
-37.205
32.9949
16.9811
-7.24986
-6.90922
15.5044
-8.9813
-29.8963
-23.2862
-5.29848
-34.8485
17.3075
-30.7496
-17.7293
-34.8509
40.8471
3.24108
-31.6944
