20.5925
-46.0308
-40.9372
-46.8365
-31.6783
-18.0847
-30.4174
21.3223
-31.2442
-18.5308
38.0444
34.5075
-21.6324
17.3162
-7.71384
-18.0361
40.6822
27.11
-9.67212
-40.4438
-24.0802
37.9036
26.2117
8.50139
37.3154
-5.2691
-30.1693
-43.2766
-41.9596
16.1093
-34.847
-29.3273
-19.8812
-4.49676
39.274
25.3406
-5.7899
-5.14954
-9.66247
36.0929
21.28
0.627186
-6.7207
-36.23
33.8123
-37.9133
-32.3438
42.5037
31.729
-37.5394
-15.9031
-34.6122
15.0041
-0.597561
1.14932
19.4719
29.0328
-20.9089
38.8266
-35.7632
47.894
25.2463
-23.978
-48.2138
11.7172
-38.3132
-41.413
1.17035
-0.834006
25.6636
-6.79576
12.0645
-20.2234
-35.0461
-42.8786
-7.82794
37.2705
-16.3969
-26.7082
-1.82879
23.7494
-25.5313
26.4846
29.8796
-7.40731
-18.3313
28.0531
-6.34793
-43.8234
-49.7157
26.8871
7.22329
43.2645
47.8335
9.95005
32.4642
-11.4571
-5.23954
-17.5747
22.9448
-10.1882
40.4609
-4.20671
17.7119
-10.0372
-43.7305
-11.9716
18.3383
19.3728
14.6756
-8.21776
41.1049
23.8153
-11.3018
-42.5358
-41.3911
-25.7796
18.1827
25.9172
36.4061
12.6882
-6.57161
-7.88723
-44.6831
30.446
-31.6524
-30.0931
-10.859
-42.8323
-26.0456
-8.0672
6.19873
21.3704
-9.06642
23.414
47.4404
-2.54018
18.0019
36.9135
-36.2883
23.3404
-47.3495
21.0741
-41.9081
11.1495
-6.15727
46.3894
9.99767
6.49474
-9.54917
45.873
41.0913
8.46354
-48.0869
-29.2939
21.0859
-48.1632
-27.8644
-18.4272
-20.0599
28.6474
34.0162
25.7263
-36.9799
35.3684
24.7463
-9.53473
-31.0293
1.21413
6.50532
12.8502
-18.9572
19.1586
-19.1637
-30.2012
-44.0886
-0.248891
41.063
26.0334
47.6805
13.5057
13.0514
-44.655
37.8426
-23.6719
20.4635
-5.16816
40.3551
32.665
1.38258
6.88955
29.9797
37.2139
33.8525
45.8975
-21.9449
-39.394
20.9638
-34.4895
12.1477
-47.542
-34.3018
36.6656
-18.1548
12.6911
-26.9368
-19.797
45.3455
22.1885
-10.0984
45.9682
30.9747
20.238
-31.9727
-28.6162
20.1641
-31.9227
-16.3294
1.98339
-23.0436
0.609607
42.5627
-0.0422566
-36.2958
-9.39283
-6.71995
31.3254
5.34144
24.4699
23.7559
15.5405
19.9914
-30.5574
-15.0389
-1.98217
26.1574
-2.41712
-0.266481
34.1069
-6.63755
39.7173
-49.6707
36.6273
30.9208
-42.971
43.5156
-38.3158
29.3342
2.26921
48.3445
42.5005
17.7269
46.5568
-8.23044
17.273
6.955
-6.07481
44.735
8.81649
39.5358
-4.54098
-44.0184
-19.7843
44.2049
46.7189
-47.6872
0.0914259
10.2289
-45.0765
-10.4575
46.4038
11.8232
32.1344
11.5656
6.81645
42.7868
-30.3733
-47.8135
40.347
13.3916
-16.0767
-12.67
35.4068
-20.6813
-22.8285
10.4955
19.5965
-19.7994
32.5048
13.257
8.43095
-9.1139
-4.33675
25.1201
-18.6395
18.8294
19.2962
14.3112
-14.3808
-15.6942
-48.7032
-48.0839
11.5611
38.2749
-40.5871
4.53668
27.8998
-47.916
-46.2378
-6.38922
-27.67
-35.2825
3.6233
-4.88636
-9.82576
19.6809
16.8089
-36.321
21.6254
-9.73828
-32.7285
44.9066
-31.7599
27.742
5.49853
-14.113
32.1936
-42.6417
38.2914
-32.2794
43.5717
-5.38676
16.1249
-25.5358
-18.5963
-11.5607
-28.8632
17.0504
23.1086
1.7725
2.53332
-30.8148
-23.1546
17.0774
-24.1599
-31.8209
45.3873
-15.4463
-22.5067
27.3854
26.1937
-11.8501
-7.02036
5.3668
37.8435
-6.66414
12.2345
42.2798
-21.5924
23.5595
-38.2335
0.587053
8.74836
29.5905
-10.1129
16.9357
30.5663
-4.32688
-43.6624
-37.3359
-2.87848
-2.79187
-36.1607
-49.4014
-22.3147
-26.5208
-47.3213
-23.5183
-15.8277
-9.17827
22.101
20.4883
-12.7611
28.5874
-8.41168
19.2311
22.5147
-6.10971
-19.0715
-12.9077
21.1885
28.3084
47.0511
20.3205
9.997
42.1921
-24.4814
4.59595
-5.92239
0.925409
40.9249
-38.2622
17.7072
-29.7745
33.6477
-32.1984
-12.8193
-26.8463
-3.79316
-37.1268
-35.7438
7.23473
-38.2338
18.607
-5.69238
-29.2423
21.9642
-23.3214
-35.8706
-19.3757
36.5373
7.78423
25.8692
-48.7669
-7.85271
49.9168
-38.5661
-41.2049
2.55369
13.5726
-30.257
13.7008
6.27323
27.8109
-23.7648
-30.9941
5.96267
21.9634
4.51845
42.7966
-34.7098
17.3919
-9.27345
-8.08986
-11.4997
-25.5297
-35.6476
-1.60524
45.6665
-22.8653
-19.5999
-4.68843
-35.2365
46.8913
-35.8711
32.551
-19.1942
22.328
5.69126
9.99608
34.2425
-17.0149
-36.4934
37.0023
-2.83991
-30.9353
48.7058
-19.5429
47.2289
-48.1267
-6.6746
-41.4974
-25.8584
1.89544
29.4018
-31.6279
11.4322
-18.1071
-36.9507
-6.95342
-0.0933231
39.6124
25.2082
-48.0138
18.487
49.655
27.3406
39.2959
43.364
44.3536
23.7087
-17.3338
22.6597
-28.1288
45.7381
1.52205
-42.7477
-5.23882
31.4389
9.31251
21.1865
1.3306
-43.3175
-22.1222
36.0941
-21.5368
39.9043
-5.2097
11.2466
7.70492
10.0263
-0.973077
-42.8458
-8.24612
-25.0052
-15.5719
-7.14874
8.33952
46.6886
32.4221
-19.2881
-6.96358
-36.8392
-19.3335
26.1732
-21.7356
-35.4928
-27.785
36.6815
-18.2622
29.8463
13.2232
-41.6185
-15.9787
17.8202
-36.0646
-3.08346
-42.3224
48.1068
40.5769
-4.45073
3.69117
-28.0741
-11.0462
10.7295
-31.9094
26.6401
-15.1054
49.4447
-41.6704
-34.8366
2.15659
34.1647
4.35694
27.2565
-33.3295
37.3726
-39.4797
30.6366
6.36811
-29.0987
43.2985
47.0565
26.1465
44.3932
39.2416
-30.9815
-18.4999
-0.304312
-46.5127
33.4851
-34.139
17.875
9.07421
13.3869
12.4216
32.2435
42.4518
11.6029
-28.8878
45.3568
9.49233
38.3126
12.3879
-40.0172
22.664
6.56988
-24.4207
-24.3722
-1.30026
-23.8358
18.1685
-0.970107
-5.555
28.1321
19.2261
10.4964
-49.8061
-47.9807
42.839
-5.69923
29.3214
-20.0414
-33.5504
-42.9272
10.1278
34.2651
-24.3388
7.16251
-34.2913
41.5686
-38.0969
-1.39758
-48.9536
-22.7964
-21.331
36.5584
-43.0358
34.0927
37.8082
-31.8344
-22.1225
-34.0071
-14.5662
-11.0094
-7.52038
-7.08907
43.9037
13.7314
-24.7457
9.25498
40.2102
21.244
11.5386
-34.5429
16.926
5.22465
-24.1763
-20.0003
-3.81292
5.36843
39.674
-8.94417
12.1093
20.1573
37.4541
-31.4011
16.3485
43.8346
18.3835
26.1245
-8.68693
-16.0935
43.4582
-34.3794
21.6727
-35.5236
17.3195
-45.8389
7.59035
-20.5217
-13.1032
-19.151
-37.4722
-38.3159
5.322
-10.8822
-23.9945
-39.5975
17.2552
-37.9834
-33.0812
-49.3918
23.8334
-35.9638
-2.55589
-39.9974
37.6157
32.7665
21.6987
10.1603
26.925
-23.955
-45.3193
-15.8976
34.2645
11.2122
5.50869
27.996
37.4067
9.42682
0.743232
-25.7838
28.6232
15.8785
-11.4156
32.9096
46.161
-32.6137
36.6845
-19.9079
-23.6025
35.565
-39.6047
-25.9205
26.463
-32.9809
-22.4004
2.2903
-39.4363
32.2618
18.11
-32.0348
-34.9193
6.25527
-36.1431
36.0387
-49.9282
-22.8355
-15.0147
10.4793
-23.3118
40.7525
-6.81063
-16.6146
-19.9329
29.453
4.64526
-47.0701
-2.03294
22.0855
-8.72741
48.9062
35.8936
36.4687
5.63341
-48.2609
23.6844
21.8687
36.5973
14.2025
12.7622
45.837
29.53
26.9212
-9.89256
-2.78662
9.35169
15.1415
-5.29552
45.1427
-26.4322
-35.6921
-38.4755
-25.8515
46.4204
49.06
10.8011
6.74758
-31.6688
-10.1966
14.5456
-48.1918
-24.4897
-22.1622
-27.3955
-31.113
28.4008
8.12346
-19.0311
44.4169
-16.4238
6.18732
-16.1347
41.5935
-39.4287
-31.3764
-2.66932
-45.2468
24.5928
-27.7828
-32.8393
23.6043
-37.7406
44.2046
42.0669
-39.4561
42.319
13.7454
-27.3461
-44.5014
-1.12569
-12.572
-20.323
-13.3017
45.6363
15.1467
6.80704
-21.1763
13.9013
-6.1509
-35.1557
-34.1387
8.9689
33.2713
-24.0135
42.8874
48.0333
40.9475
49.4373
-43.2167
-38.4937
-25.1738
25.962
-10.5306
23.3696
36.1792
28.9461
-23.2716
-28.0336
0.0284732
-47.7576
23.0577
-36.744
-41.158
14.4023
36.8489
30.0699
-15.955
-15.4455
-28.2652
-25.1729
4.14983
-40.3428
-47.801
28.8658
17.6734
-21.8872
-27.5076
6.23722
-33.285
11.8948
47.6559
1.72046
-42.1413
4.66035
21.7283
14.8612
2.99195
-33.3627
-24.7556
-21.3216
-7.24011
-27.8843
-15.2964
-8.69647
-2.32186
40.7642
-4.1758
-34.5729
22.5414
-5.2644
-21.8008
46.537
-20.1809
48.1072
-35.1997
-21.2099
-37.5144
-18.6138
32.9837
36.5198
26.1985
5.59696
6.80302
35.0866
-47.67
-46.7795
-27.3128
31.6743
11.7526
0.791933
-12.0251
1.01527
-48.6011
40.7516
5.78887
6.13021
-33.0954
-8.984
18.2547
10.9389
-23.5101
-17.5391
-45.4997
2.01598
-30.4453
29.7063
-25.6364
46.5839
22.039
-2.13602
-6.18601
-49.3963
7.9038
41.8751
-13.9458
29.227
-34.8965
16.0412
31.3594
-43.0737
19.0357
-24.9893
15.3574
-29.5789
7.65389
35.3745
16.6502
45.7529
32.038
-26.8739
-1.05502
-47.0418
-32.6911
39.4376
-28.7148
-27.3241
10.7929
39.7483
17.2936
-2.52036
3.0692
48.5711
-11.4081
43.2457
-10.3125
37.3548
-24.767
-12.1531
-5.20897
13.7716
-27.8692
29.1238
43.7973
11.4587
-29.2729
-5.73664
-44.1226
45.5172
-32.8839
26.769
46.3991
-1.63309
-45.624
-12.4616
-35.8624
-17.7839
-6.07358
-24.9412
4.80664
31.5716
-32.4108
-36.2204
37.097
27.2298
40.6864
1.88045
0.404375
38.1846
-3.73221
49.2116
-25.1626
-16.6328
-16.1086
-28.9746
18.2622
16.3031
21.8618
-21.0825
42.4797
-5.86959
30.0943
-31.8423
36.5165
33.4423
43.8749
-29.2352
-6.30429
-8.96285
-27.0452
-33.0126
40.8229
-1.82086
32.4798
-19.7641
46.7403
15.8442
-26.8708
-9.16484
